$ 1 0.000005 382.76258214399064 73 5 43 5e-11
w 160 384 112 384 0
w 112 320 160 320 0
s -16 320 48 320 0 0 false
s -16 384 48 384 0 1 false
w 160 384 224 384 0
r 160 304 160 240 0 10000
r 224 304 224 240 0 10000
w 160 320 160 304 0
w 224 304 224 384 0
w -16 352 -16 384 0
w 160 240 224 240 0
g 288 400 288 416 0 0
r 288 240 288 304 0 33000
g -16 416 -16 464 0 0
f 240 320 288 320 32 1.5 0.02
f 240 384 288 384 32 1.5 0.02
w 288 336 288 368 0
r 48 320 112 320 0 1000
r 48 384 112 384 0 1000
c 112 320 112 352 0 1.0000000000000001e-7 0.30000000000000215 0.001
w 112 352 -16 352 0
w -16 352 -16 320 0
w -16 384 -16 416 0
w -16 416 112 416 0
f 320 320 368 320 32 1.5 0.02
g 368 336 368 368 0 0
r 592 304 592 240 0 3300
w 320 304 288 304 0
c 112 416 112 384 0 1.0000000000000001e-7 -3.299999999999784 0.001
R 368 208 368 176 0 0 40 3.3 0 0 0.5
w 224 240 288 240 0
w 288 240 368 240 0
w 240 320 160 320 0
w 224 384 240 384 0
w 320 304 320 320 0
d 512 304 512 240 2 default
w 368 240 432 240 0
w 368 304 400 304 0
209 512 304 592 304 0 0.000047000000000000004 3.2688890890937214 0.001 1
w 512 240 592 240 0
r 720 240 720 320 0 680000
w 592 240 672 240 0
f 464 352 512 352 32 1.5 0.02
w 512 304 512 336 0
g 512 448 512 464 0 0
f 672 352 720 352 32 1.5 0.02
w 720 320 720 336 0
c 720 320 576 320 0 1e-7 3.161922932317699 0.001
w 464 416 464 352 0
r 560 368 560 448 0 330
w 672 240 720 240 0
w 608 304 608 352 0
w 608 352 672 352 0
w 576 368 560 368 0
w 512 368 512 448 0
w 512 448 560 448 0
w 560 448 720 448 0
w 720 368 720 448 0
w 464 416 528 416 0
w 528 416 528 368 0
w 528 368 560 368 0
w 592 304 608 304 0
w 576 368 576 320 0
w 400 304 400 528 0
w 400 528 608 528 0
w 608 352 608 528 0
w 512 304 432 304 0
w 432 304 432 496 0
w 432 496 768 496 0
f 784 384 832 384 32 1.5 0.02
f 848 336 896 336 32 1.5 0.02
w 832 368 832 336 0
w 832 336 848 336 0
w 768 496 768 384 0
w 768 384 784 384 0
g 832 416 832 432 0 0
w 832 400 832 416 0
w 832 416 896 416 0
w 896 352 896 416 0
r 832 336 832 272 0 18000
r 832 272 896 272 0 1000
w 896 272 896 320 0
w 720 240 832 240 0
w 832 240 832 272 0
370 368 208 368 240 1 0 0
r 432 304 432 240 0 10000
w 432 240 512 240 0
o 81 1024 0 4099 5 0.00009765625 0 2 43 3
